%YAML:1.0
rotation: !!opencv-matrix
   rows: 3
   cols: 3
   dt: d
   data: [ 1.3816600793201628e-01, -9.8360535439247110e-01,
       1.1589072897601127e-01, 2.2478809491392238e-01,
       -8.2815885135253842e-02, -9.7088199156964172e-01,
       9.6456231869024378e-01, 1.6019374513296614e-01,
       2.0966043351852270e-01 ]
translation: !!opencv-matrix
   rows: 3
   cols: 1
   dt: d
   data: [ -1.4510517926745706e-01, -2.8649933610008258e-02,
       -1.2605843126696974e-02 ]
