%YAML:1.0
rotation: !!opencv-matrix
   rows: 3
   cols: 3
   dt: d
   data: [ -9.1432182758719005e-02, -9.8610625808234098e-01,
       1.3868887383932005e-01, 3.9091240833892082e-01,
       -1.6363506861988530e-01, -9.0576545160677746e-01,
       9.1587534357173317e-01, -2.8600910625503573e-02,
       4.0044268372483893e-01 ]
translation: !!opencv-matrix
   rows: 3
   cols: 1
   dt: d
   data: [ -6.7344204943717609e-02, 9.2313183742345796e-03,
       -1.7699546759202392e-02 ]
