%YAML:1.0
rotation: !!opencv-matrix
   rows: 3
   cols: 3
   dt: d
   data: [ -2.7223338754323922e-02, -9.8039059085344660e-01,
       1.9517474015121883e-01, 3.9719981618436317e-01,
       -1.8978102627793492e-01, -8.9789502063882742e-01,
       9.1732829229789592e-01, 5.3079670599222972e-02,
       3.9457743564337677e-01 ]
translation: !!opencv-matrix
   rows: 3
   cols: 1
   dt: d
   data: [ -1.0151866505290114e-01, -3.3188012280220183e-02,
       -4.2945752254756518e-02 ]
