%YAML:1.0
rotation: !!opencv-matrix
   rows: 3
   cols: 3
   dt: d
   data: [ 1.3016247045586582e-01, -9.8165973960276331e-01,
       1.3929065628340564e-01, 2.4314264710847749e-01,
       -1.0459306797440959e-01, -9.6433497462696227e-01,
       9.6121765716299101e-01, 1.5938772153066488e-01,
       2.2506925552672641e-01 ]
translation: !!opencv-matrix
   rows: 3
   cols: 1
   dt: d
   data: [ -1.3265795892855903e-01, -3.7380864011118647e-02,
       -8.6224478281697742e-03 ]
