%YAML:1.0
rotation: !!opencv-matrix
   rows: 3
   cols: 3
   dt: d
   data: [ 9.9963989561846878e-01, -9.2631938612010647e-03,
       -2.5184763794537691e-02, 9.0801754557766623e-03,
       9.9993160185567798e-01, -7.3717042826022608e-03,
       2.5251326729286143e-02, 7.1403676255240786e-03,
       9.9965563353015885e-01 ]
translation: !!opencv-matrix
   rows: 3
   cols: 1
   dt: d
   data: [ -5.3102095873637671e-02, -5.8644660887931482e-04,
       -3.6173487880130873e-03 ]
essential: !!opencv-matrix
   rows: 3
   cols: 3
   dt: d
   data: [ 1.8037606749806434e-05, 3.6129139236884813e-03,
       -6.1291068188312693e-04, -2.2751477919498945e-03,
       4.1267668931054414e-04, 5.3174911367129069e-02,
       1.0405907928381930e-04, -5.3103896157447601e-02,
       3.7668342824411747e-04 ]
fundamental: !!opencv-matrix
   rows: 3
   cols: 3
   dt: d
   data: [ 9.7866492871677065e-09, 1.9600471743639964e-06,
       -5.2444567846013932e-04, -1.2325635330023914e-06,
       2.2354421588297813e-07, 1.0826730496773818e-02,
       7.2063004456942572e-04, -3.2925901301301908e-02,
       9.9999999999999989e-01 ]
