%YAML:1.0
rotation: !!opencv-matrix
   rows: 3
   cols: 3
   dt: d
   data: [ -2.7169716489488863e-03, -9.9654879027787069e-01,
       5.7364592281568642e-02, 3.0395589195223038e-01,
       -3.8884283954216073e-02, -9.5459096835201740e-01,
       9.5237076082332517e-01, 7.0513961875008149e-03,
       3.0230608123892994e-01 ]
translation: !!opencv-matrix
   rows: 3
   cols: 1
   dt: d
   data: [ -1.0043993402120752e-01, -3.3173269004752100e-02,
       -2.4735997679155752e-02 ]
