%YAML:1.0
rotation: !!opencv-matrix
   rows: 3
   cols: 3
   dt: d
   data: [ 1.7230843192359391e-01, -9.8055650229509972e-01,
       9.3908200359887672e-02, 1.7103376795339192e-01,
       -6.4104285326223032e-02, -9.8317754796500534e-01,
       9.7008105563798019e-01, 1.8547125494160804e-01,
       1.5666256439458515e-01 ]
translation: !!opencv-matrix
   rows: 3
   cols: 1
   dt: d
   data: [ -1.4416909051695315e-01, -3.9668201480777106e-02,
       -6.3345714043316062e-03 ]
