%YAML:1.0
rotation: !!opencv-matrix
   rows: 3
   cols: 3
   dt: d
   data: [ 1.8551891523674846e-01, -9.8014453802431012e-01,
       6.9995833236639438e-02, 1.4915982800688665e-01,
       -4.2317652053292409e-02, -9.8790716265935230e-01,
       9.7125386887174647e-01, 1.9371603161795253e-01,
       1.3834746580930268e-01 ]
translation: !!opencv-matrix
   rows: 3
   cols: 1
   dt: d
   data: [ -1.9515323180387731e-01, -1.5154540268118908e-02,
       -5.4151643543242844e-03 ]
