%YAML:1.0
rotation: !!opencv-matrix
   rows: 3
   cols: 3
   dt: d
   data: [ 1.7965197256584720e-01, -9.7866155554574163e-01,
       9.9733286569681057e-02, 1.8260444097780754e-01,
       -6.6444820074669231e-02, -9.8093868514827598e-01,
       9.6663373978378353e-01, 1.9443931079397286e-01,
       1.6677100326370398e-01 ]
translation: !!opencv-matrix
   rows: 3
   cols: 1
   dt: d
   data: [ -1.9090572859990862e-01, -2.3159725204707632e-02,
       -6.4665811108010644e-03 ]
