%YAML:1.0
rotation: !!opencv-matrix
   rows: 3
   cols: 3
   dt: d
   data: [ 1.8442112111992059e-01, -9.7996508259930049e-01,
       7.5214938483114280e-02, 1.5453094692051511e-01,
       -4.6664669437398665e-02, -9.8688529985512929e-01,
       9.7062301462963552e-01, 1.9362552908241637e-01,
       1.4282898150877454e-01 ]
translation: !!opencv-matrix
   rows: 3
   cols: 1
   dt: d
   data: [ -1.8446874557494808e-01, -7.4265499113833370e-03,
       -5.7190629110388125e-03 ]
