%YAML:1.0
rotation: !!opencv-matrix
   rows: 3
   cols: 3
   dt: d
   data: [ -4.6476382068487698e-02, -9.8612918258140203e-01,
       1.5933982920525142e-01, 3.5648132738461286e-01,
       -1.6538267270832718e-01, -9.1954860382361159e-01,
       9.3314575985530102e-01, 1.4064381578474394e-02,
       3.5922302826362218e-01 ]
translation: !!opencv-matrix
   rows: 3
   cols: 1
   dt: d
   data: [ -9.9467187884256139e-02, -2.2948135592521134e-02,
       1.6727780678474691e-04 ]
