%YAML:1.0
rotation: !!opencv-matrix
   rows: 3
   cols: 3
   dt: d
   data: [ -3.2463990257993736e-02, -9.8386109580798653e-01,
       1.7596429607177877e-01, 4.0191765861553330e-01,
       -1.7404565528734794e-01, -8.9898292840776728e-01,
       9.1510015027292846e-01, 4.1538584847167270e-02,
       4.0108136448775356e-01 ]
translation: !!opencv-matrix
   rows: 3
   cols: 1
   dt: d
   data: [ -9.1528174813398186e-02, -3.7337159445001475e-02,
       -1.5250028426110895e-02 ]
