%YAML:1.0
cameraMatrix: !!opencv-matrix
   rows: 3
   cols: 3
   dt: d
   data: [ 1.0714209785831206e+03, 0., 9.8841922248937419e+02, 0.,
       1.0730391203706847e+03, 5.4342978361417818e+02, 0., 0., 1. ]
distortionCoefficients: !!opencv-matrix
   rows: 1
   cols: 5
   dt: d
   data: [ 6.7940357879102770e-02, -1.1554349823827435e-01,
       1.2380408578585870e-03, 6.3491986411234420e-03,
       5.1967592173251143e-02 ]
rotation: !!opencv-matrix
   rows: 3
   cols: 3
   dt: d
   data: [ 1., 0., 0., 0., 1., 0., 0., 0., 1. ]
projection: !!opencv-matrix
   rows: 4
   cols: 4
   dt: d
   data: [ 1.0714209785831206e+03, 0., 9.8841922248937419e+02, 0., 0.,
       1.0730391203706847e+03, 5.4342978361417818e+02, 0., 0., 0., 1.,
       0., 0., 0., 0., 1. ]
